9d9d9d9d
1001 1101 1001 1101 100111011001110110011101

[00:00:03.362,518] <inf> app: t_buffer: f8780f0ff0f0f01fe1e01e1fc3c3c03fc3c0787f878700ff0f00f1fe1e1e01fc3c00000000000000
[00:00:03.363,464] <inf> app: n=51; nums: 5 4 4 7 4 4 8 4 4 4 4 7 8 4 4 8 4 4 7 4 4 4 4 8 8 4 4 7 4 4 8 4 4 4 3 8 8 4 4 8 4 3 8 4 4 4 4 8 7 4 4
[00:00:03.363,494] <inf> app: msg=0003cffcffcffcff


r =   1 0 1 0   1 0 1   0 1 0 1 0   1   0 1 0 1 0 1 0 1 0 1 0 1 0 1 0 1 0 1 0 1 0 1 0 1 0 1 0 1 0 1 0 1 0 1 0 1 0 1
      5 4 4 7 * 4 4 8 * 4 4 4 4 7 * 8 * 4 4 8 4 4 7 4 4 4 4 8 8 4 4 7 4 4 8 4 4 4 3 8 8 4 4 8 4 3 8 4 4 4 4 8 7 4 4

b = 0 0 1   1   0   0   1   1   1   0   1

1 0   1 0 1 0
4 9 * 4 4 4
  1   0


51 - 16 long = 35 short. Total 2*16+35 = 67


0 0 0 1 0 0 1 0 0 0 0 1 1 0 0 1 0 0 1 0 0 0 0 1 1 0 0 1 0 0 1 0 0 0 0 1 1 0 0 1 0 0 1 0 0 0 0 1 1 0 0
5 4 4 7 4 4 8 4 4 4 4 7 8 4 4 8 4 4 7 4 4 4 4 8 8 4 4 7 4 4 8 4 4 4 3 8 8 4 4 8 4 3 8 4 4 4 4 8 7 4 4

0 1 1 0 0 1 1 1 0 1 1 0 0 1 1 1 0 1 1 0 0 1 1 1 0 1 1 0 0 1 1 1 0 1 1 0 0 1 1 1 0 1 1 0 0 1 1 1 0 1 1 0 0 1 1 1 0 1 1 0 0 1 1 1 0 1 1 0

        _
p 1 0 1 0 1 0 1 0 1 0 1 0 1 0 1 0 1 0 1 0 1 0 1 0 1 0 1 0 1 0 1 0 1 0 1 0 1
t 5 4 4 7 4 4 8 4 4 4 4 7 8 4 4 8 4 4 7 4 4 4 4 8 8 4 4 7 4 4 8 4 4 4 3 8 8 4 4 8 4 3 8 4 4 4 4 8 7 4 4
    1   1 0   0   1



dcdcdcdcc0000000

1101110011011100110111001101110011000000000000000000000000000000

1010011010

